0 1778 1848 1881 1859
1 1790 1821 1863 1779
2 1755 1797 1836 1786
3 1892 1803 1810 1768
4 1840 1819 1797 1886
5 1866 1838 1809 1842
6 1875 1868 1833 1866
7 1889 1867 1853 1876
8 1902 1883 1864 1890
9 1909 1893 1876 1902
10 1879 1894 1886 1906
11 1784 1868 1892 1869
12 1874 1861 1885 1793
13 1880 1854 1865 1874
14 1864 1850 1851 1878
15 1796 1853 1852 1857
16 1728 1817 1855 1789
17 1791 1794 1836 1734
18 1917 1808 1806 1803
19 1901 1834 1794 1915
20 1898 1876 1819 1900
21 2061 1944 1865 1914
22 1874 1933 1903 2042
23 1842 1918 1932 1870
24 1888 1916 1937 1846
25 1770 1843 1911 1876
26 1858 1839 1874 1778
27 1765 1820 1846 1848
28 -1081 1078 1765 1480
29 1290 958 1541 -843
30 1728 925 1079 1333
31 5317 1813 853 2086
32 6680 3753 1366 5453
33 3851 4394 2703 6397
34 -888 3740 4034 3377
35 -1151 2123 4293 -914
36 2044 964 3002 -831
37 3445 862 1326 2184
38 798 1284 727 3180
39 4146 2608 1331 1132
40 1654 2510 2016 3896
41 -398 1550 2324 1448
42 -463 1234 2164 -404
43 -1649 -214 1458 -581
44 -4220 -1682 307 -1906
45 -2467 -2199 -817 -4044
46 -2486 -2705 -1882 -2468
47 -2631 -2951 -2598 -2500
48 -4464 -3012 -2822 -2814
49 -4276 -3464 -2868 -4445
50 -4993 -4091 -3242 -4347
51 -5008 -4685 -3828 -4994
52 -6137 -5103 -4406 -5120
53 -5554 -5423 -4844 -6078
54 -5361 -5515 -5247 -5534
55 -6046 -5774 -5521 -5429
56 -6441 -5850 -5646 -6085
57 -5202 -5762 -5721 -6317
58 -4967 -5664 -5836 -5178
59 -4502 -5278 -5767 -4920
60 -4615 -4821 -5440 -4513
61 -1563 -3911 -4963 -4309
62 1321 -2339 -4353 -1274
63 3474 -345 -3212 1536
64 2527 1439 -1399 3379
65 7131 3613 724 2987
66 4740 4468 2478 6891
67 6140 5134 3907 4880
68 -403 4402 4790 5485
69 3987 3616 4924 36
70 3281 3251 4036 3916
71 3132 2499 3185 3266
72 2931 3332 2902 3111
73 2361 2926 3090 2874
74 1682 2526 3021 2293
75 625 1899 2736 1576
76 857 1381 2236 648
77 1287 1112 1653 900
78 728 874 1193 1231
79 1672 1136 1014 822
80 1791 1369 1049 1683
81 1776 1491 1206 1789
82 1880 1779 1440 1786
83 1883 1832 1663 1880
84 1821 1840 1782 1876
85 1889 1868 1838 1827
86 1909 1875 1856 1891
87 1836 1863 1863 1901
88 2020 1913 1874 1854
89 1826 1897 1886 2000
90 1897 1894 1900 1833
91 1814 1889 1902 1888
92 1858 1848 1889 1818
93 1654 1805 1861 1837
94 1856 1795 1835 1674
95 1870 1809 1802 1857
96 1757 1784 1789 1858
97 1805 1822 1800 1761
98 1794 1806 1812 1803
99 1882 1809 1807 1802

